5.188375748868805371e-01
1.693442298307364924e-01
9.387260136508249753e-01
3.266415357606754499e-01
5.764823915284985612e-01
3.370087889274631099e-02
5.227727327928585188e-01
2.570173379521927259e-01
6.899563283923398904e-01
4.740130397734920731e-02
7.002105239063939335e-01
8.384392417432751099e-01
5.229366980442639035e-01
5.464339270773181934e-01
6.730183649603984630e-01
6.572283096345005182e-01
1.519068648789039244e-01
3.635483727775397078e-01
6.692003449916356095e-01
6.872675203253153509e-01
1.752473742550094693e-01
6.295537994212452304e-02
2.454953802298798227e-02
4.641924781355778462e-01
6.087641514820839594e-01
