5.719542948610141231e-01
2.476016319837799906e-01
2.816711222922802182e+00
3.255580143372231450e-01
8.209483472968646112e-01
4.307812258390503191e-02
6.239887878802899968e-01
2.374726853919690850e-01
1.142737060413742567e+00
-3.797423709916579460e-02
1.253851798268776463e+00
1.899809558098791262e+00
5.233362630831510653e-01
7.485576239639498697e-01
1.177771094538458962e+00
1.059640521327313456e+00
1.433895728614243414e-01
4.095682246305634155e-01
1.089401482661691789e+00
1.168360693505427372e+00
1.497934245598248060e-01
8.437474087127488920e-02
5.367606727634413599e-02
4.963397420447693831e-01
8.584480989897922409e-01
